0 -0.03590550273656845
1 -0.03805088624358177
2 -0.018944207578897476
3 0.0030793175101280212
4 0.004363410174846649
5 0.006641946732997894
6 0.010480210185050964
7 0.017946060746908188
8 0.031222470104694366
9 0.07645461708307266
10 0.3142589330673218
11 0.3597380816936493
12 0.05037996172904968
13 -0.3264853358268738
14 -0.3662933111190796
15 -0.12342582643032074
16 -0.04923519864678383
17 -0.026125198230147362
18 -0.011024028062820435
19 0.006172008812427521
20 0.025165826082229614
21 0.05871663987636566
22 0.21462267637252808
23 0.29334557056427
24 0.09451693296432495
25 -0.21732673048973083
26 -0.2871340811252594
27 -0.12532517313957214
28 -0.042981818318367004
29 -0.02037329599261284
30 -0.009641585871577263
31 -0.0018402393907308578
32 0.013797705993056297
33 0.047951869666576385
34 0.17249292135238647
35 0.28457722067832947
36 0.14349761605262756
37 -0.1615360677242279
38 -0.276429682970047
39 -0.15002064406871796
40 -0.04408619552850723
41 -0.019679702818393707
42 -0.010744187980890274
43 -0.004946601577103138
44 0.0032266806811094284
45 0.024145834147930145
46 0.11198842525482178
47 0.2570905089378357
48 0.1821966916322708
49 -0.1067999005317688
50 -0.2587788701057434
51 -0.16107477247714996
52 -0.03462851420044899
53 -0.012544001452624798
54 -0.006180429831147194
55 -0.0024359263479709625
56 0.003153884783387184
57 0.014992360956966877
58 0.06957821547985077
59 0.23363246023654938
60 0.21231119334697723
61 -0.05794280767440796
62 -0.24734796583652496
63 -0.17539946734905243
64 -0.03018888086080551
65 -0.011945383623242378
66 -0.007314848713576794
67 -0.00453092809766531
68 -0.0017303265631198883
69 0.003638744354248047
70 0.031314585357904434
71 0.21383161842823029
72 0.2430761158466339
73 -0.015424162149429321
74 -0.2481967657804489
75 -0.1924077719449997
76 -0.021167313680052757
77 -0.007512751966714859
78 -0.004305566661059856
79 -0.00189885962754488
80 0.0001523047685623169
81 0.0036809584125876427
82 0.01830986514687538
83 0.17412422597408295
84 0.23101624846458435
85 0.02369542419910431
86 -0.20801424980163574
87 -0.18998414278030396
88 -0.03739436715841293
89 -0.010603507049381733
90 -0.005222995765507221
91 -0.002091699279844761
92 0.00047277845442295074
93 0.004283626563847065
94 0.017160486429929733
95 0.14640407264232635
96 0.2223697453737259
97 0.06092332303524017
98 -0.1731557548046112
99 -0.19416698813438416
100 -0.05949383229017258
101 -0.0138765349984169
102 -0.006033387966454029
103 -0.002502226270735264
104 -0.00028747599571943283
105 0.002939279191195965
106 0.013325026258826256
107 0.11155831813812256
108 0.20433513820171356
109 0.09318722784519196
110 -0.1341307908296585
111 -0.19415202736854553
112 -0.08120538294315338
113 -0.014258853159844875
114 -0.004585647955536842
115 -0.00118195079267025
116 0.00090806744992733
117 0.004246634431183338
118 0.013565635308623314
119 0.08510801196098328
120 0.18801064789295197
121 0.11976410448551178
122 -0.09378425031900406
123 -0.1915258765220642
124 -0.10251864045858383
125 -0.015118836425244808
126 -0.0053328340873122215
127 -0.002271120436489582
128 -0.000441504642367363
129 0.0021450305357575417
130 0.009429561905562878
131 0.058956366032361984
132 0.1757478564977646
133 0.14704367518424988
134 -0.05982038378715515
135 -0.19485177099704742
136 -0.12199870496988297
137 -0.012446241453289986
138 -0.003918751142919064
139 -0.001489289104938507
140 0.0001667281612753868
141 0.00237906351685524
142 0.007444399408996105
143 0.03766627609729767
144 0.1553712636232376
145 0.15903374552726746
146 -0.025781914591789246
147 -0.18476112186908722
148 -0.13466216623783112
149 -0.014516565017402172
150 -0.004432616289705038
151 -0.0018688878044486046
152 -0.0002932869829237461
153 0.0018727472051978111
154 0.005530175752937794
155 0.022304486483335495
156 0.14192406833171844
157 0.17308741807937622
158 0.005449503660202026
159 -0.1672411859035492
160 -0.14563417434692383
161 -0.02668057009577751
162 -0.005877737887203693
163 -0.002270749304443598
164 -0.00047848979011178017
165 0.0009938259609043598
166 0.0031693228520452976
167 0.01078088115900755
168 0.12079773843288422
169 0.174136221408844
170 0.03372862935066223
171 -0.1420634537935257
172 -0.15232059359550476
173 -0.043779581785202026
174 -0.007019031327217817
175 -0.0019413386471569538
176 -4.814937710762024e-07
177 0.0013752677477896214
178 0.0033747400157153606
179 0.009143942967057228
180 0.10294561088085175
181 0.1674572229385376
182 0.0580730140209198
183 -0.11095792055130005
184 -0.15468594431877136
185 -0.06409117579460144
186 -0.009271662682294846
187 -0.0028569563291966915
188 -0.0007985671982169151
189 0.0004608379676938057
190 0.002097278367727995
191 0.008150236681103706
192 0.08383366465568542
193 0.16037628054618835
194 0.08285866677761078
195 -0.08467496186494827
196 -0.16095295548439026
197 -0.08292248845100403
198 -0.007923499681055546
199 -0.001859310083091259
200 -8.431728929281235e-06
201 0.0011599082499742508
202 0.0029593580402433872
203 0.008918557316064835
204 0.06368450820446014
205 0.1451805979013443
206 0.09888973832130432
207 -0.05602371692657471
208 -0.16065122187137604
209 -0.0993560403585434
210 -0.006774925626814365
211 -0.0019668154418468475
212 -0.00032160524278879166
213 0.0009793187491595745
214 0.003181838197633624
215 0.00866217352449894
216 0.047689780592918396
217 0.1367674022912979
218 0.11635509133338928
219 -0.029714815318584442
220 -0.15342292189598083
221 -0.11250217258930206
222 -0.01199687272310257
223 -0.0029901904053986073
224 -0.0007394175045192242
225 0.0005857446230947971
226 0.002119007520377636
227 0.006095996592193842
228 0.030474025756120682
229 0.12363063544034958
230 0.12907208502292633
231 -0.005389466881752014
232 -0.1380154937505722
233 -0.12177306413650513
234 -0.023835133761167526
235 -0.004414163064211607
236 -0.001059468137100339
237 0.0005914620123803616
238 0.0020281856413930655
239 0.0048890369944274426
240 0.01909494586288929
241 0.11255767941474915
242 0.13587935268878937
243 0.016284145414829254
244 -0.11423186957836151
245 -0.12659379839897156
246 -0.04060039296746254
247 -0.007436927407979965
248 -0.0024704146198928356
249 -0.0006144889630377293
250 0.0006116859149187803
251 0.0022086789831519127
252 0.008357120677828789
253 0.10121219605207443
254 0.14466379582881927
255 0.03785604238510132
256 -0.09445655345916748
257 -0.132616326212883
258 -0.05632196366786957
259 -0.007693971507251263
260 -0.0025286574382334948
261 -0.0006814408116042614
262 0.0004589911550283432
263 0.0015895599499344826
264 0.004178176634013653
265 0.0858917310833931
266 0.14022761583328247
267 0.054089032113552094
268 -0.07117614895105362
269 -0.1358538717031479
270 -0.07305432856082916
271 -0.006508423946797848
272 -0.002161615528166294
273 -0.0007777566788718104
274 0.0004600717220455408
275 0.002068815752863884
276 0.006434011738747358
277 0.07201295346021652
278 0.13386040925979614
279 0.07104113698005676
280 -0.04961094260215759
281 -0.1384807676076889
282 -0.08774250000715256
283 -0.004413094371557236
284 -0.0019145309925079346
285 -0.0008243855554610491
286 0.00019903178326785564
287 0.0015540141612291336
288 0.0063092587515711784
289 0.05474197864532471
290 0.12397212535142899
291 0.0856495201587677
292 -0.02958664298057556
293 -0.13027772307395935
294 -0.09835254400968552
295 -0.010778267867863178
296 -0.0026067958679050207
297 -0.0009373864158987999
298 0.00020963232964277267
299 0.0017561193089932203
300 0.006314857862889767
301 0.04109717905521393
302 0.11529538035392761
303 0.09468632191419601
304 -0.010889485478401184
305 -0.1120002418756485
306 -0.10549579560756683
307 -0.023642664775252342
308 -0.0051683299243450165
309 -0.0020564987789839506
310 -0.0006453681271523237
311 0.0006568995304405689
312 0.004116722382605076
313 0.027578463777899742
314 0.10857763141393661
315 0.10788064450025558
316 0.006949193775653839
317 -0.09636978805065155
318 -0.11204877495765686
319 -0.03663016855716705
320 -0.005986671894788742
321 -0.002146909711882472
322 -0.0006776929367333651
323 0.0005585446488112211
324 0.0030549841467291117
325 0.016208890825510025
326 0.0972009152173996
327 0.11277318000793457
328 0.02161508798599243
329 -0.07682059705257416
330 -0.11634471267461777
331 -0.05200342833995819
332 -0.006060489919036627
333 -0.0018070065416395664
334 -0.0006039959844201803
335 0.00022313580848276615
336 0.0016560337971895933
337 0.007836604490876198
338 0.08896926045417786
339 0.12109643220901489
340 0.03587961196899414
341 -0.05964812636375427
342 -0.12044313549995422
343 -0.06712281703948975
344 -0.004624662920832634
345 -0.0016035239677876234
346 -0.0008288430981338024
347 -0.0003685669507831335
348 3.281189128756523e-05
349 0.0012757512740790844
350 0.07651829719543457
351 0.12375477701425552
352 0.04954538494348526
353 -0.04374626278877258
354 -0.12281990051269531
355 -0.08033477514982224
356 -0.002949155867099762
357 -0.0007264052983373404
358 -0.00015967036597430706
359 0.0003447451163083315
360 0.0010672502685338259
361 0.004083777312189341
362 0.0636063665151596
363 0.11552111059427261
364 0.05801064521074295
365 -0.027639374136924744
366 -0.11019989848136902
367 -0.08981417864561081
368 -0.011974404565989971
369 -0.0028167671989649534
370 -0.0010714733507484198
371 -7.9356599599123e-05
372 0.0008963400032371283
373 0.004605327732861042
374 0.050550952553749084
375 0.11116299778223038
376 0.07027465105056763
377 -0.013300411403179169
378 -0.09713445603847504
379 -0.09738394618034363
380 -0.022345371544361115
381 -0.003980207722634077
382 -0.0012296752538532019
383 4.974333569407463e-05
384 0.0012963905464857817
385 0.005017291754484177
386 0.037043098360300064
387 0.10205382108688354
388 0.07707569003105164
389 -0.00043558329343795776
390 -0.0794140100479126
391 -0.10302785784006119
392 -0.035740677267313004
393 -0.004596891812980175
394 -0.0011491887271404266
395 0.00011565978638827801
396 0.0013793720863759518
397 0.004455300979316235
398 0.02616216242313385
399 0.09703035652637482
400 0.08757618814706802
401 0.010988384485244751
402 -0.06322120875120163
403 -0.10711897909641266
404 -0.050213560461997986
405 -0.005038903094828129
406 -0.0013953885063529015
407 -0.00026441202498972416
408 0.0006743164267390966
409 0.002801232971251011
410 0.015605466440320015
411 0.08902832120656967
412 0.09802620112895966
413 0.02243998646736145
414 -0.049983300268650055
415 -0.11202571541070938
416 -0.06395810842514038
417 -0.0024022411089390516
418 -0.0005016021896153688
419 0.00011610775254666805
420 0.0007578234653919935
421 0.0020630890503525734
422 0.00850473903119564
423 0.0807485356926918
424 0.10317128896713257
425 0.02972637116909027
426 -0.03571225702762604
427 -0.10849527269601822
428 -0.07653617858886719
429 -0.004823404364287853
430 -0.001139746280387044
431 -0.0003833991941064596
432 8.643860928714275e-05
433 0.000752612017095089
434 0.002873692661523819
435 0.07224640995264053
436 0.11015773564577103
437 0.03982734680175781
438 -0.024271160364151
439 -0.09881165623664856
440 -0.08552379161119461
441 -0.012419241480529308
442 -0.002368344459682703
443 -0.0006610378623008728
444 0.00023855455219745636
445 0.0009328213054686785
446 0.003214638214558363
447 0.05957692116498947
448 0.10486255586147308
449 0.04582902789115906
450 -0.013066284358501434
451 -0.08274173736572266
452 -0.09261977672576904
453 -0.0234456155449152
454 -0.0032488687429577112
455 -0.0007284278981387615
456 0.0003756214864552021
457 0.0014015156775712967
458 0.004764252342283726
459 0.04863759130239487
460 0.10140099376440048
461 0.052952662110328674
462 -0.004032164812088013
463 -0.06500299274921417
464 -0.09746591001749039
465 -0.036680709570646286
466 -0.0048216963186860085
467 -0.0013157487846910954
468 -8.238479495048523e-06
469 0.0011088119354099035
470 0.004377531819045544
471 0.036344386637210846
472 0.09671624004840851
473 0.06436914205551147
474 0.0049314796924591064
475 -0.05110686644911766
476 -0.10219798982143402
477 -0.04972416162490845
478 -0.003810660680755973
479 -0.0007806343492120504
480 0.00030632992275059223
481 0.0013959873467683792
482 0.004358826205134392
483 0.026288673281669617
484 0.09041716158390045
485 0.0728050246834755
486 0.011035710573196411
487 -0.03708081692457199
488 -0.10445037484169006
489 -0.0637379065155983
490 -0.002590749878436327
491 -0.0007065038662403822
492 4.6923989430069923e-05
493 0.0009961924515664577
494 0.003174435580149293
495 0.017058704048395157
496 0.08570830523967743
497 0.08596262335777283
498 0.017967484891414642
499 -0.02725093811750412
500 -0.09993013739585876
501 -0.07454250752925873
502 -0.005876367911696434
503 -0.0013255737721920013
504 -0.0003173602744936943
505 0.0005113843362778425
506 0.001963432179763913
507 0.00932454876601696
508 0.07688238471746445
509 0.09332077950239182
510 0.02343420684337616
511 -0.018129803240299225
512 -0.08791197836399078
513 -0.0830012783408165
514 -0.014119169674813747
515 -0.0022621923126280308
516 -0.0005665121134370565
517 0.0002584559842944145
518 0.0010364174377173185
519 0.0038995398208498955
520 0.06951975077390671
521 0.10010286420583725
522 0.026946231722831726
523 -0.010584764182567596
524 -0.07073207199573517
525 -0.08937392383813858
526 -0.02555103413760662
527 -0.004165619611740112
528 -0.0013741666916757822
529 -0.00040185614489018917
530 0.00021866988390684128
531 0.0018492022063583136
532 0.059201281517744064
533 0.10198665410280228
534 0.03391479700803757
535 -0.0041655972599983215
536 -0.05436036363244057
537 -0.09477352350950241
538 -0.03736072778701782
539 -0.004090424627065659
540 -0.001040490809828043
541 3.741728141903877e-05
542 0.0009222030639648438
543 0.00393926165997982
544 0.04816237464547157
545 0.09642300009727478
546 0.038461338728666306
547 0.0007548704743385315
548 -0.036151666194200516
549 -0.09835398942232132
550 -0.05147150531411171
551 -0.0037779402919113636
552 -0.0007515458855777979
553 0.00026067160069942474
554 0.0012098404113203287
555 0.0043397522531449795
556 0.03760527819395065
557 0.09404134005308151
558 0.05193566903471947
559 0.005014866590499878
560 -0.02548728883266449
561 -0.10106043517589569
562 -0.06410466879606247
563 -0.0017970523331314325
564 -0.0003824729938060045
565 0.0001843713689595461
566 0.0010036737658083439
567 0.0037882220931351185
568 0.02683888003230095
569 0.08797714114189148
570 0.06468337029218674
571 0.008801035583019257
572 -0.017442286014556885
573 -0.09371491521596909
574 -0.07417228817939758
575 -0.007035883143544197
576 -0.0010251447092741728
577 7.64862634241581e-05
578 0.0010426046792417765
579 0.0032701168674975634
580 0.018232818692922592
581 0.08324062079191208
582 0.0763930007815361
583 0.009859174489974976
584 -0.010381840169429779
585 -0.0793856680393219
586 -0.08241917192935944
587 -0.016588130965828896
588 -0.00303392531350255
589 -0.0009088832885026932
590 0.00012281769886612892
591 0.001687525538727641
592 0.010287146084010601
593 0.07719684392213821
594 0.08888313919305801
595 0.01331675797700882
596 -0.006133757531642914
597 -0.06380166113376617
598 -0.08909221738576889
599 -0.026977671310305595
600 -0.003498786361888051
601 -0.0008612920064479113
602 8.055870421230793e-05
603 0.0010598564986139536
604 0.004887975752353668
605 0.06895946711301804
606 0.0944984033703804
607 0.013846635818481445
608 -0.0023008882999420166
609 -0.04335331171751022
610 -0.09398484230041504
611 -0.04052776098251343
612 -0.004050890915095806
613 -0.000763466814532876
614 0.00010285968892276287
615 0.0004016454331576824
616 0.0014854217879474163
617 0.06109081208705902
618 0.1002950593829155
619 0.01884390413761139
620 -0.0002587363123893738
621 -0.025566160678863525
622 -0.09849929064512253
623 -0.05391259491443634
624 -0.0027898945845663548
625 -0.0004566134884953499
626 0.0002005340065807104
627 0.0007675513625144958
628 0.0033120636362582445
629 0.04973229393362999
630 0.09630225598812103
631 0.02954411506652832
632 0.0015732944011688232
633 -0.013866245746612549
634 -0.0995459035038948
635 -0.06630068272352219
636 -0.002076299861073494
637 0.00011622440069913864
638 0.0006628166884183884
639 0.0013778626453131437
640 0.004478508606553078
641 0.039857879281044006
642 0.09301735460758209
643 0.04142681881785393
644 0.0009976699948310852
645 -0.004741936922073364
646 -0.08907101303339005
647 -0.07648665457963943
648 -0.009833302348852158
649 -0.0018749295268207788
650 -0.00028773932717740536
651 0.0008081640116870403
652 0.003876087488606572
653 0.029882609844207764
654 0.09032300859689713
655 0.05869844928383827
656 0.0013716593384742737
657 -0.0012994632124900818
658 -0.07584867626428604
659 -0.08477720618247986
660 -0.018695347011089325
661 -0.0026933783665299416
662 -0.0003787674941122532
663 0.0009788356255739927
664 0.003582242876291275
665 0.020713960751891136
666 0.08437379449605942
667 0.07138921320438385
668 -0.00028724223375320435
669 0.0013761743903160095
670 -0.056402575224637985
671 -0.09121371805667877
672 -0.03138350322842598
673 -0.003815490286797285
674 -0.000554234255105257
675 0.0007497812621295452
676 0.0026197093538939953
677 0.012887107208371162
678 0.07999730110168457
679 0.0855889618396759
680 -0.001511402428150177
681 0.001781657338142395
682 -0.03534124791622162
683 -0.09673610329627991
684 -0.044828154146671295
685 -0.004088749643415213
686 -0.000914666336029768
687 8.957530371844769e-05
688 0.0012622007634490728
689 0.006338557228446007
690 0.07272610068321228
691 0.09555426239967346
692 0.0009262114763259888
693 0.0015391632914543152
694 -0.016198065131902695
695 -0.1021249070763588
696 -0.05872448533773422
697 -0.0016843382036313415
698 9.527895599603653e-06
699 0.00041346356738358736
700 0.0006419033743441105
701 0.0020302156917750835
702 0.06546886265277863
703 0.10170314460992813
704 0.005192890763282776
705 -0.00023543089628219604
706 0.0009559169411659241
707 -0.09901567548513412
708 -0.07166138291358948
709 -0.004976396448910236
710 -0.0010996672790497541
711 -0.00022427435033023357
712 0.0005255555734038353
713 0.003172780852764845
714 0.0559554249048233
715 0.1021667942404747
716 0.020980659872293472
717 -0.0023851394653320312
718 0.007282279431819916
719 -0.08954249322414398
720 -0.08194373548030853
721 -0.012217190116643906
722 -0.001978012267500162
723 -0.00021823938004672527
724 0.000978079391643405
725 0.004421963356435299
726 0.04505249857902527
727 0.09821080416440964
728 0.03692736104130745
729 -0.005746990442276001
730 0.010661356151103973
731 -0.07283797115087509
732 -0.09031298011541367
733 -0.02373906970024109
734 -0.003464866429567337
735 -0.0004736916162073612
736 0.0011050438042730093
737 0.004641303792595863
738 0.035166315734386444
739 0.0965040773153305
740 0.055513814091682434
741 -0.01036381721496582
742 0.010846301913261414
743 -0.052344296127557755
744 -0.09766748547554016
745 -0.03731418401002884
746 -0.004743417724967003
747 -0.0011158341076225042
748 0.0005396849010139704
749 0.003648838959634304
750 0.025057822465896606
751 0.09294883906841278
752 0.07391110062599182
753 -0.013226404786109924
754 0.008715644478797913
755 -0.03063446283340454
756 -0.10470939427614212
757 -0.052011821419000626
758 -0.003403163980692625
759 -0.0004051325377076864
760 0.0007849582470953465
761 0.003066936507821083
762 0.01668289676308632
763 0.08848551660776138
764 0.0880563035607338
765 -0.018246866762638092
766 0.005977056920528412
767 -0.005057595670223236
768 -0.10976235568523407
769 -0.06822137534618378
770 -0.002031660405918956
771 -0.0005294999573379755
772 0.00012291502207517624
773 0.0015171763952821493
774 0.008890236727893353
775 0.08391792327165604
776 0.10327675193548203
777 -0.016350746154785156
778 0.001432165503501892
779 0.01453467458486557
780 -0.10627678781747818
781 -0.08199696242809296
782 -0.006816070526838303
783 -0.0010730151552706957
784 -0.00018269289284944534
785 0.00044534215703606606
786 0.0030931676737964153
787 0.07650916278362274
788 0.1123008280992508
789 -0.004791848361492157
790 -0.003913953900337219
791 0.024104371666908264
792 -0.09338868409395218
793 -0.0932542011141777
794 -0.017410362139344215
795 -0.002818656386807561
796 -0.0004258833359926939
797 0.0004807210061699152
798 0.0030837554950267076
799 0.06815434992313385
800 0.115824393928051
801 0.013315729796886444
802 -0.011157944798469543
803 0.02691996842622757
804 -0.07481568306684494
805 -0.1037369817495346
806 -0.03162049874663353
807 -0.004916458390653133
808 -0.001251515932381153
809 0.00046904408372938633
810 0.004624579101800919
811 0.057527732104063034
812 0.1157117635011673
813 0.036709561944007874
814 -0.018012255430221558
815 0.024028904736042023
816 -0.05299803614616394
817 -0.11392836272716522
818 -0.04815942049026489
819 -0.00454937107861042
820 -0.0005084641743451357
821 0.001451433403417468
822 0.00596266333013773
823 0.04692128300666809
824 0.11413899064064026
825 0.05733466148376465
826 -0.02767936885356903
827 0.020807020366191864
828 -0.02420830726623535
829 -0.12182256579399109
830 -0.06768515706062317
831 -0.004569043405354023
832 -0.0005400623194873333
833 0.0011989420745521784
834 0.005370395258069038
835 0.03600342944264412
836 0.11428792774677277
837 0.08168992400169373
838 -0.0354190468788147
839 0.014257393777370453
840 0.0035222694277763367
841 -0.13122831284999847
842 -0.08790658414363861
843 -0.0020834305323660374
844 0.00021977652795612812
845 0.0012710164301097393
846 0.0045616584829986095
847 0.025583498179912567
848 0.11230149120092392
849 0.10321810096502304
850 -0.04086185246706009
851 0.006523787975311279
852 0.030484795570373535
853 -0.12354239076375961
854 -0.10439412295818329
855 -0.012332748621702194
856 -0.001834928523749113
857 0.0006111790426075459
858 0.003376579377800226
859 0.016041487455368042
860 0.11040329188108444
861 0.1237185075879097
862 -0.0377172976732254
863 -0.0029532909393310547
864 0.04931257665157318
865 -0.10749022662639618
866 -0.11995391547679901
867 -0.028515135869383812
868 -0.004882741719484329
869 -0.0011510937474668026
870 0.000514984130859375
871 0.006446572951972485
872 0.10713397711515427
873 0.1436934918165207
874 -0.016338832676410675
875 -0.013731881976127625
876 0.050140127539634705
877 -0.08590590208768845
878 -0.13525840640068054
879 -0.04946344718337059
880 -0.006132045760750771
881 -0.0005643325857818127
882 0.00046753278002142906
883 0.0037101320922374725
884 0.1004832461476326
885 0.1538347750902176
886 0.007428474724292755
887 -0.027212947607040405
888 0.04746294766664505
889 -0.054201044142246246
890 -0.14675934612751007
891 -0.07406706362962723
892 -0.00818345695734024
893 -0.001327470876276493
894 0.001170074101537466
895 0.007727040443569422
896 0.08962417393922806
897 0.15580108761787415
898 0.036962173879146576
899 -0.04155831038951874
900 0.03890460729598999
901 -0.020788341760635376
902 -0.16157610714435577
903 -0.10124426335096359
904 -0.005714716389775276
905 -0.00019625946879386902
906 0.0020848652347922325
907 0.009657135233283043
908 0.07599586248397827
909 0.1557866781949997
910 0.06714840233325958
911 -0.05650724470615387
912 0.027007222175598145
913 0.015127643942832947
914 -0.16511528193950653
915 -0.12350067496299744
916 -0.00666762376204133
917 0.00011333031579852104
918 0.002382784616202116
919 0.009513454511761665
920 0.059248726814985275
921 0.151481032371521
922 0.09415015578269958
923 -0.07196460664272308
924 0.013590529561042786
925 0.05200427770614624
926 -0.14447134733200073
927 -0.13650406897068024
928 -0.023354781791567802
929 -0.004272898659110069
930 0.0003559514880180359
931 0.00645566638559103
932 0.039637722074985504
933 0.14242567121982574
934 0.1185312494635582
935 -0.07317403703927994
936 -0.0022563785314559937
937 0.07253279536962509
938 -0.11557748913764954
939 -0.14302122592926025
940 -0.04186299815773964
941 -0.007212866097688675
942 -0.0010128039866685867
943 0.004145312123000622
944 0.023087691515684128
945 0.1276288777589798
946 0.13294470310211182
947 -0.05353885143995285
948 -0.018510043621063232
949 0.07107224315404892
950 -0.07765954732894897
951 -0.1398029774427414
952 -0.05747988447546959
953 -0.008389350026845932
954 -0.0020903553813695908
955 0.000723683275282383
956 0.008682198822498322
957 0.10752639174461365
958 0.13761979341506958
959 -0.026264429092407227
960 -0.03312157094478607
961 0.05940587818622589
962 -0.042181968688964844
963 -0.13565413653850555
964 -0.07058548927307129
965 -0.007018022704869509
966 -0.0016780623700469732
967 -0.0007694689556956291
968 0.0008750453125685453
969 0.08642807602882385
970 0.13375307619571686
971 0.000796005129814148
972 -0.046233899891376495
973 0.04427257180213928
974 -0.009176470339298248
975 -0.12867777049541473
976 -0.07950117439031601
977 -0.0029937028884887695
978 -0.0004315569531172514
979 0.000253601698204875
980 0.0039770277217030525
981 0.06427986174821854
982 0.11680633574724197
983 0.0229109525680542
984 -0.05727635324001312
985 0.030570976436138153
986 0.021259166300296783
987 -0.11156962066888809
988 -0.0832371786236763
989 -0.005910245701670647
990 -0.000988912070170045
991 0.000353389885276556
992 0.004067308269441128
993 0.04464484006166458
994 0.10161547362804413
995 0.041226424276828766
996 -0.06303729116916656
997 0.01623339205980301
998 0.042597610503435135
999 -0.0897943302989006
1000 -0.0839887410402298
1001 -0.013476166874170303
1002 -0.0024531951639801264
1003 -9.777583181858063e-05
1004 0.003322042291983962
1005 0.0295838825404644
1006 0.08860762417316437
1007 0.05512085556983948
1008 -0.06364154815673828
1009 0.002083614468574524
1010 0.057182423770427704
1011 -0.0648011863231659
1012 -0.0817401334643364
1013 -0.02127872407436371
1014 -0.0032295784913003445
1015 -0.0005054047796875238
1016 0.0022337851114571095
1017 0.01760035566985607
1018 0.07481700927019119
1019 0.06329938024282455
1020 -0.05206859111785889
1021 -0.009975738823413849
1022 0.05735383927822113
1023 -0.0417880080640316
1024 -0.07936938852071762
1025 -0.02898489683866501
1026 -0.003364869160577655
1027 -0.0006245046388357878
1028 0.0011943255085498095
1029 0.00919458270072937
1030 0.06279060989618301
1031 0.06809213012456894
1032 -0.03491887077689171
1033 -0.021592766046524048
1034 0.04853580519556999
1035 -0.019997242838144302
1036 -0.07575058937072754
1037 -0.03599505126476288
1038 -0.0025755823589861393
1039 -0.0006188845727592707
1040 0.0002807970158755779
1041 0.0038321707397699356
1042 0.05127651244401932
1043 0.06909238547086716
1044 -0.01801120489835739
1045 -0.031187396496534348
1046 0.038682032376527786
1047 0.0005020573735237122
1048 -0.07127512991428375
1049 -0.041795916855335236
1050 -0.0006632932927459478
1051 -5.8231991715729237e-05
1052 -0.0001378767192363739
1053 0.00063259934540838
1054 0.040207717567682266
1055 0.06612217426300049
1056 -0.003720257431268692
1057 -0.03780239820480347
1058 0.02818441390991211
1059 0.016374288126826286
1060 -0.06155065447092056
1061 -0.045227594673633575
1062 -0.003434640122577548
1063 -0.0006395668024197221
1064 -0.00012639653868973255
1065 0.0010224179131910205
1066 0.030222371220588684
1067 0.06021983548998833
1068 0.009295377880334854
1069 -0.04266733676195145
1070 0.016815390437841415
1071 0.029468128457665443
1072 -0.04852963611483574
1073 -0.04668503999710083
1074 -0.007425986230373383
1075 -0.0011687997030094266
1076 -0.00022492639254778624
1077 0.0014106828020885587
1078 0.021271953359246254
1079 0.052596841007471085
1080 0.019437698647379875
1081 -0.04324541240930557
1082 0.006772186607122421
1083 0.03797685354948044
1084 -0.03532131761312485
1085 -0.047197263687849045
1086 -0.011857815086841583
1087 -0.0014846996637061238
1088 -0.00021869223564863205
1089 0.0013953187735751271
1090 0.014439119957387447
1091 0.046090878546237946
1092 0.02679760940372944
1093 -0.040112368762493134
1094 -0.0030543655157089233
1095 0.04020645469427109
1096 -0.021832311525940895
1097 -0.04652274399995804
1098 -0.016597304493188858
1099 -0.0016229223692789674
1100 -0.00017168454360216856
1101 0.000922256731428206
1102 0.00870686024427414
1103 0.03999030590057373
1104 0.03299007564783096
1105 -0.03083917684853077
1106 -0.012048782780766487
1107 0.036013804376125336
1108 -0.00840047374367714
1109 -0.044818732887506485
1110 -0.02105107717216015
1111 -0.0010706131579354405
1112 -1.7408514395356178e-05
1113 0.0007112884195521474
1114 0.004958287812769413
1115 0.03326011449098587
1116 0.0351763516664505
1117 -0.021415404975414276
1118 -0.01851244643330574
1119 0.03000306710600853
1120 0.0028952881693840027
1121 -0.042318329215049744
1122 -0.024888647720217705
1123 -0.0004847004311159253
1124 -1.492910087108612e-06
1125 0.0002929299371317029
1126 0.002238271525129676
1127 0.027720265090465546
1128 0.03704213723540306
1129 -0.01253921166062355
1130 -0.024606166407465935
1131 0.022763317450881004
1132 0.012936607003211975
1133 -0.0358126126229763
1134 -0.027318425476551056
1135 -0.0024248016998171806
1136 -0.0004781909519806504
1137 -0.0001854614820331335
1138 0.0004931173752993345
1139 0.021748550236225128
1140 0.03639071807265282
1141 -0.00344267301261425
1142 -0.027509626001119614
1143 0.015230478718876839
1144 0.020385418087244034
1145 -0.02835654281079769
1146 -0.028835156932473183
1147 -0.004773449618369341
1148 -0.0007718381239101291
1149 -0.00022988277487456799
1150 0.00043576210737228394
1151 0.016826339066028595
1152 0.033569954335689545
1153 0.0028449296951293945
1154 -0.02919413521885872
1155 0.008150167763233185
1156 0.0253596194088459
1157 -0.020176555961370468
1158 -0.029439063742756844
1159 -0.0077324071899056435
1160 -0.000939543591812253
1161 -0.0001346973585896194
1162 0.0005738978506997228
1163 0.012071123346686363
1164 0.03056422807276249
1165 0.009828686714172363
1166 -0.028653645887970924
1167 0.000502387061715126
1168 0.027705153450369835
1169 -0.01144817378371954
1170 -0.02920486591756344
1171 -0.010752984322607517
1172 -0.0008591971127316356
1173 -2.2714142687618732e-05
1174 0.0006953126285225153
1175 0.008248459547758102
1176 0.02635805867612362
1177 0.014165415428578854
1178 -0.02402501367032528
1179 -0.005358664318919182
1180 0.02582748979330063
1181 -0.0035626832395792007
1182 -0.02851765789091587
1183 -0.013616647571325302
1184 -0.00043155334424227476
1185 7.71039049141109e-05
1186 0.0006314979400485754
1187 0.005353705957531929
1188 0.023374920710921288
1189 0.01777830347418785
1190 -0.019652683287858963
1191 -0.011057502590119839
1192 0.02235211618244648
1193 0.003837750293314457
1194 -0.02628949284553528
1195 -0.016100259497761726
1196 -0.0005661085597239435
1197 -3.897154238075018e-05
1198 0.00032992480555549264
1199 0.0028907055966556072
1200 0.019720803946256638
1201 0.020540716126561165
1202 -0.013355305418372154
1203 -0.01513600256294012
1204 0.01749657653272152
1205 0.009889771230518818
1206 -0.022235549986362457
1207 -0.017804637551307678
1208 -0.0017976317321881652
1209 -0.00026892946334555745
1210 0.0001663776347413659
1211 0.0015565252397209406
1212 0.01640927977859974
1213 0.020875101909041405
1214 -0.008749510161578655
1215 -0.01758173480629921
1216 0.012894012965261936
1217 0.01436824444681406
1218 -0.017418377101421356
1219 -0.018902383744716644
1220 -0.003387184115126729
1221 -0.0004967077984474599
1222 -0.00010423501953482628
1223 0.00042257452150806785
1224 0.01339211780577898
1225 0.021695833653211594
1226 -0.003573831170797348
1227 -0.019603773951530457
1228 0.007487962022423744
1229 0.01748586818575859
1230 -0.011846525594592094
1231 -0.019392311573028564
1232 -0.005341672338545322
1233 -0.000602745683863759
1234 -0.00016398780280724168
1235 5.215930286794901e-05
1236 0.010088062845170498
1237 0.02025095373392105
1238 0.0012351302430033684
1239 -0.01923893205821514
1240 0.0025688419118523598
1241 0.018826840445399284
1242 -0.00643540732562542
1243 -0.019393011927604675
1244 -0.007315123453736305
1245 -0.00046413257950916886
1246 -3.414746606722474e-05
1247 0.0003890907973982394
1248 0.007695074658840895
1249 0.0185103677213192
1250 0.004387787543237209
1251 -0.018473967909812927
1252 -0.0018113823607563972
1253 0.018488578498363495
1254 -0.0011009005829691887
1255 -0.01891942135989666
1256 -0.009360382333397865
1257 -0.00014652800746262074
1258 6.27618283033371e-05
1259 0.00038404029328376055
1260 0.005156729370355606
1261 0.016681840643286705
1262 0.008313511498272419
1263 -0.015423610806465149
1264 -0.006060067564249039
1265 0.016080090776085854
1266 0.0036433059722185135
1267 -0.017151083797216415
1268 -0.010975934565067291
1269 -0.0004789704689756036
1270 1.5172874554991722e-05
1271 0.0003963286289945245
1272 0.0035163555294275284
1273 0.014281236566603184
1274 0.009986156597733498
1275 -0.012242557480931282
1276 -0.008722502738237381
1277 0.01328227762132883
1278 0.0074148280546069145
1279 -0.014416093938052654
1280 -0.012135262601077557
1281 -0.0013293420197442174
1282 -0.00013380625750869513
1283 0.0002503168652765453
1284 0.0020992588251829147
1285 0.012632361613214016
1286 0.012063533999025822
1287 -0.009614677168428898
1288 -0.011483621783554554
1289 0.010205847211182117
1290 0.010453585535287857
1291 -0.010999788530170918
1292 -0.01292747538536787
1293 -0.0025098794139921665
1294 -0.00031305139418691397
1295 6.533635314553976e-05
1296 0.0010354139376431704
1297 0.010302908718585968
1298 0.013029289431869984
1299 -0.005638759583234787
1300 -0.012460906989872456
1301 0.006446936167776585
1302 0.012075784616172314
1303 -0.007343767210841179
1304 -0.013307186774909496
1305 -0.003791443770751357
1306 -0.0003289607120677829
1307 5.090376362204552e-06
1308 0.00047648389590904117
1309 0.008622264489531517
1310 0.013018356636166573
1311 -0.003349797334522009
1312 -0.01319427601993084
1313 0.0034548440016806126
1314 0.013103557750582695
1315 -0.0036260606721043587
1316 -0.013276655226945877
1317 -0.005244838073849678
1318 -0.00025961679057218134
1319 -4.600739339366555e-05
1320 1.3467128155753016e-05
1321 0.006775334011763334
1322 0.01318868063390255
1323 -2.864934504032135e-05
1324 -0.01318840216845274
1325 -9.781913831830025e-05
1326 0.012979143299162388
1327 1.0207761079072952e-05
1328 -0.012968087568879128
1329 -0.006652313284575939
1330 -3.6710116546601057e-06
1331 4.3412059312686324e-05
1332 0.00021926939371041954
1333 0.0050093745812773705
1334 0.011610480025410652
1335 0.002440038602799177
1336 -0.01143999956548214
1337 -0.0028071897104382515
1338 0.011566962115466595
1339 0.00308025348931551
1340 -0.011514369398355484
1341 -0.007698687259107828
1342 -0.0004199885006528348
1343 8.371192961931229e-06
1344 0.00029019577777944505
1345 0.003691854188218713
1346 0.010790044441819191
1347 0.004277721978724003
1348 -0.010341950692236423
1349 -0.005065430887043476
1350 0.009782440029084682
1351 0.005675053223967552
1352 -0.009501202031970024
1353 -0.008561520837247372
1354 -0.0010747179621830583
1355 -0.00010326667688786983
1356 0.00020801767823286355
1357 0.002336604753509164
1358 0.009495614096522331
1359 0.0064490013755857944
1360 -0.008272436447441578
1361 -0.007050406653434038
1362 0.007673125714063644
1363 0.007561590988188982
1364 -0.007174445316195488
1365 -0.009094701148569584
1366 -0.0019016338046640158
1367 -0.00019077019533142447
1368 0.0001886498648673296
1369 0.0015848297625780106
1370 0.00818021409213543
1371 0.007082968018949032
1372 -0.006390664726495743
1373 -0.007841510698199272
1374 0.00539487786591053
1375 0.008642450906336308
1376 -0.00460745207965374
1377 -0.009325379505753517
1378 -0.0028093289583921432
1379 -0.0001989227021113038
1380 9.761747787706554e-05
1381 0.0008474645437672734
1382 0.007119785528630018
1383 0.008270524442195892
1384 -0.004567654803395271
1385 -0.008823338896036148
1386 0.0031244533602148294
1387 0.00911755207926035
1388 -0.0019539366476237774
1389 -0.009318433701992035
1390 -0.0038561804685741663
1391 -0.00012875639367848635
1392 3.9332284359261394e-05
1393 0.00036561352317221463
1394 0.005619597155600786
1395 0.00846864003688097
1396 -0.0021421287674456835
1397 -0.008584694005548954
1398 0.0008231059182435274
1399 0.00875677727162838
1400 0.00044183526188135147
1401 -0.00893346592783928
1402 -0.00478072464466095
1403 -5.2064162446185946e-05
1404 2.3956410586833954e-05
1405 0.00011216106940992177
1406 0.004702700302004814
1407 0.008367243222892284
1408 -0.0008116136305034161
1409 -0.008357629179954529
1410 -0.0009669808205217123
1411 0.008064035326242447
1412 0.002613768680021167
1413 -0.007819044403731823
1414 -0.005550786387175322
1415 -0.0004109352012164891
1416 -5.126008181832731e-05
1417 8.4498809883371e-05
1418 0.003485162276774645
1419 0.008043422363698483
1420 0.0013141692616045475
1421 -0.007854119874536991
1422 -0.0028774256352335215
1423 0.007031112909317017
1424 0.004337843507528305
1425 -0.006371302995830774
1426 -0.006119541823863983
1427 -0.0008848910219967365
1428 -8.940210682339966e-05
1429 0.00014774632290937006
1430 0.0025450396351516247
1431 0.006986385211348534
1432 0.0025563668459653854
1433 -0.0066750263795256615
1434 -0.00405066879466176
1435 0.0056751808151602745
1436 0.0055244080722332
1437 -0.0046519143506884575
1438 -0.00645457673817873
1439 -0.001478484831750393
1440 -0.00011673214612528682
1441 0.00015250721480697393
1442 0.0017931258771568537
1443 0.00650390237569809
1444 0.0037027113139629364
1445 -0.005958464927971363
1446 -0.005080868024379015
1447 0.004240086302161217
1448 0.00629055593162775
1449 -0.0028241442050784826
1450 -0.0066445753909647465
1451 -0.0021645829547196627
1452 -0.00011705842916853726
1453 0.00010499460040591657
1454 0.0010741035221144557
1455 0.005575117655098438
1456 0.004836005624383688
1457 -0.004407436586916447
1458 -0.005690480582416058
1459 0.0026221228763461113
1460 0.006444083526730537
1461 -0.0010293773375451565
1462 -0.006609034724533558
1463 -0.002859077649191022
1464 -3.175565507262945e-05
1465 0.00010655284859240055
1466 0.0006837212713435292
1467 0.004795853514224291
1468 0.005060361232608557
1469 -0.0032968311570584774
1470 -0.005615880712866783
1471 0.0011968516046181321
1472 0.006116525735706091
1473 0.0006861980073153973
1474 -0.00620296923443675
1475 -0.003518272191286087
1476 -8.665592758916318e-05
1477 4.441177588887513e-05
1478 0.000309840717818588
1479 0.00408114492893219
1480 0.005702097434550524
1481 -0.0020099596586078405
1482 -0.005841649603098631
1483 -0.00018527545034885406
1484 0.005574102979153395
1485 0.0021577586885541677
1486 -0.005374468397349119
1487 -0.00404864689335227
1488 -0.0003767463786061853
1489 -4.884597728960216e-05
1490 7.351711974479258e-05
1491 0.0031645402777940035
1492 0.0055931806564331055
1493 -0.0005211073439568281
1494 -0.005482891574501991
1495 -0.0014140860876068473
1496 0.00486176460981369
1497 0.0032905242405831814
1498 -0.004261828493326902
1499 -0.004407395143061876
1500 -0.000745620985981077
1501 -8.645970956422389e-05
1502 4.0640035877004266e-05
1503 0.0025783723685890436
1504 0.00537199666723609
1505 0.00026750098913908005
1506 -0.005373500753194094
1507 -0.0022387842182070017
1508 0.00413240073248744
1509 0.004129467532038689
1510 -0.0029986007139086723
1511 -0.004665984306484461
1512 -0.0012088858056813478
1513 -0.00010374555131420493
1514 7.147202268242836e-05
1515 0.0018066281918436289
1516 0.005018997471779585
1517 0.0016464972868561745
1518 -0.004843839444220066
1519 -0.0031679952517151833
1520 0.003159221261739731
1521 0.004572773817926645
1522 -0.0016891828272491693
1523 -0.004765136167407036
1524 -0.0017104739090427756
1525 -6.959657184779644e-05
1526 0.00010835900320671499
1527 0.0013084632810205221
1528 0.004320342559367418
1529 0.0022750115022063255
1530 -0.003969606477767229
1531 -0.0035114327911287546
1532 0.002121115103363991
1533 0.004628600552678108
1534 -0.0003679057117551565
1535 -0.0047131795436143875
1536 -0.0022296656388789415
1537 9.086128557100892e-06
1538 0.00011047770385630429
1539 0.0008730886038392782
1540 0.0039990791119635105
1541 0.0029819956980645657
1542 -0.003434214275330305
1543 -0.0037903825286775827
1544 0.0011776003520935774
1545 0.004351739306002855
1546 0.0008169813081622124
1547 -0.004341436084359884
1548 -0.002683208789676428
1549 -0.00011317520693410188
1550 5.414520273916423e-05
1551 0.0004890630370937288
1552 0.003325735218822956
1553 0.0035622017458081245
1554 -0.002301199361681938
1555 -0.003887239610776305
1556 0.0001912189181894064
1557 0.0038791263941675425
1558 0.0018124044872820377
1559 -0.0036690232809633017
1560 -0.0030229976400732994
1561 -0.0003485795168671757
1562 -4.364963388070464e-06
1563 0.00027463524020276964
1564 0.002865771297365427
1565 0.0036006812006235123
1566 -0.0016195789212360978
1567 -0.003797164186835289
1568 -0.0005578540731221437
1569 0.0033842746634036303
1570 0.002606069203466177
1571 -0.0028204238042235374
1572 -0.0032757592853158712
1573 -0.0006552058039233088
1574 -7.328877109102905e-05
1575 7.020824705250561e-05
1576 0.0023713482078164816
1577 0.003935649991035461
1578 -0.0007147955475375056
1579 -0.003956926520913839
1580 -0.0012793515343219042
1581 0.0028507171664386988
1582 0.003115234896540642
1583 -0.001895522465929389
1584 -0.0034161133226007223
1585 -0.0010101394727826118
1586 -9.198056068271399e-05
1587 -8.879054803401232e-06
1588 0.001792014460079372
1589 0.0036914637312293053
1590 0.00021081347949802876
1591 -0.0036501239519566298
1592 -0.0018470974173396826
1593 0.0022786969784647226
1594 0.003369602607563138
1595 -0.0009063483448699117
1596 -0.003445287700742483
1597 -0.001397895161062479
1598 -5.637234426103532e-05
1599 6.295758066698909e-05
1600 0.001419696258381009
1601 0.003465354209765792
1602 0.0006954997079446912
1603 -0.0034560963977128267
1604 -0.002131472108885646
1605 0.0016367749776691198
1606 0.0033918574918061495
1607 4.3396372348070145e-05
1608 -0.00339677557349205
1609 -0.0017826480325311422
1610 1.7046404536813498e-06
1611 7.044737867545336e-05
1612 0.0009467821219004691
1613 0.0031847895588725805
1614 0.001573229325003922
1615 -0.0029694067779928446
1616 -0.0024498540442436934
1617 0.0009619209449738264
1618 0.0031034278217703104
1619 0.0008792446460574865
1620 -0.0030297734774649143
1621 -0.0020950406324118376
1622 -0.0001290423097088933
1623 5.396825144998729e-05
1624 0.0006631601136177778
1625 0.0027175049763172865
1626 0.001890405546873808
1627 -0.0023455144837498665
1628 -0.002489226870238781
1629 0.00034917081939056516
1630 0.002757143694907427
1631 0.0015977625735104084
1632 -0.0024943179450929165
1633 -0.002343005733564496
1634 -0.00032395869493484497
1635 6.967951776459813e-06
1636 0.0004048354458063841
1637 0.002490775194019079
1638 0.0023243308532983065
1639 -0.0019452456617727876
1640 -0.0026914188638329506
1641 -0.00015654205344617367
1642 0.0023774963337928057
1643 0.002118438482284546
1644 -0.0018605904188007116
1645 -0.002508385805413127
1646 -0.0005715914303436875
1647 -4.368476220406592e-05
1648 0.00019151257583871484
1649 0.002004405716434121
1650 0.0026064924895763397
1651 -0.0011243054177612066
1652 -0.0027274168096482754
1653 -0.0006742732366546988
1654 0.0019435530994087458
1655 0.0024439971894025803
1656 -0.0011494843056425452
1657 -0.0025896397419273853
1658 -0.0008488947642035782
1659 -5.7357887271791697e-05
1660 8.272571722045541e-05
1661 0.0017261974280700088
1662 0.0025650551542639732
1663 -0.0006998804165050387
1664 -0.0026452173478901386
1665 -0.0010034015867859125
1666 0.0015452172374352813
1667 0.0025973781011998653
1668 -0.00041625602170825005
1669 -0.0026012007147073746
1670 -0.0011536013334989548
1671 -4.953562165610492e-05
1672 -4.094312316738069e-06
1673 0.001379987457767129
1674 0.0027211105916649103
1675 -6.329221650958061e-05
1676 -0.002729738363996148
1677 -0.00130924500990659
1678 0.001179035403765738
1679 0.0025158815551549196
1680 0.0002667958615347743
1681 -0.002487038029357791
1682 -0.0014368328265845776
1683 -3.1642557587474585e-05
1684 2.9547649319283664e-05
1685 0.0010139205260202289
1686 0.0024020548444241285
1687 0.0005088957259431481
1688 -0.0023645837791264057
1689 -0.0014745567459613085
1690 0.0007484974339604378
1691 0.002272719517350197
1692 0.0008820528164505959
1693 -0.0021634860895574093
1694 -0.001664563431404531
1695 -0.00013630290050059557
1696 3.4296856028959155e-05
1697 0.0007731578079983592
1698 0.002269400516524911
1699 0.00081798923201859
1700 -0.002209287602454424
1701 -0.001579637755639851
1702 0.0003724269918166101
1703 0.0020034234039485455
1704 0.0013808493968099356
1705 -0.0017323412466794252
1706 -0.001841360004618764
1707 -0.0002948956098407507
1708 3.084627678617835e-06
1709 0.0004866962553933263
1710 0.0020417128689587116
1711 0.0013641717378050089
1712 -0.001807407010346651
1713 -0.0018161832122132182
1714 6.029848009347916e-06
1715 0.0016953694866970181
1716 0.0017307144589722157
1717 -0.001231643371284008
1718 -0.001953057013452053
1719 -0.0004880833439528942
1720 -1.301115844398737e-05
1721 0.00032268406357616186
1722 0.0017317658057436347
1723 0.0015057659475132823
1724 -0.0013692404609173536
1725 -0.0018089418299496174
1726 -0.00029619186534546316
1727 0.0013751974329352379
1728 0.0019510929705575109
1729 -0.0006876870174892247
1730 -0.0020093920174986124
1731 -0.0007110302103683352
1732 -2.4070119252428412e-05
1733 0.00017846426635514945
1734 0.0015631908318027854
1735 0.0017748404061421752
1736 -0.0010626183357089758
1737 -0.0019437952432781458
1738 -0.0005278913886286318
1739 0.0010613903868943453
1740 0.0020177094265818596
1741 -0.00014228839427232742
1742 -0.0020030317828059196
1743 -0.0009484583279117942
1744 -1.5900310245342553e-05
1745 7.333868416026235e-05
1746 0.0012268417049199343
1747 0.0018877737456932664
1748 -0.00048371904995292425
1749 -0.0019215141655877233
1750 -0.0007311707595363259
1751 0.0007660912815481424
1752 0.001906883204355836
1753 0.00036823470145463943
1754 -0.0018720587249845266
1755 -0.0011592532973736525
1756 -4.3111154809594154e-05
1757 1.6188874724321067e-05
1758 0.0010452590649947524
1759 0.0018250792054459453
1760 -0.00020885886624455452
1761 -0.0018564937636256218
1762 -0.0008216672576963902
1763 0.0005380155052989721
1764 0.0017212951788678765
1765 0.0008166176849044859
1766 -0.0016030949773266912
1767 -0.0013308462221175432
1768 -0.000138203235110268
1769 -5.516427336260676e-06
1770 0.0007906280225142837
1771 0.001838491065427661
1772 0.00024315051268786192
1773 -0.0018372968770563602
1774 -0.0010130010778084397
1775 0.00031104811932891607
1776 0.0014980192063376307
1777 0.0011664786143228412
1778 -0.0012498314026743174
1779 -0.0014570876955986023
1780 -0.0002632123650982976
1781 -3.783643478527665e-06
1782 0.000566462695132941
1783 0.0015840312698855996
1784 0.0005894021014682949
1785 -0.0015228951815515757
1786 -0.0011424556141719222
1787 7.983067189343274e-05
1788 0.0012590613914653659
1789 0.0014134569792076945
1790 -0.0008470534230582416
1791 -0.001537203323096037
1792 -0.00041522044921293855
1793 -1.907028490677476e-06
1794 0.0004150719614699483
1795 0.0015020599821582437
1796 0.0007915153400972486
1797 -0.0014007373247295618
1798 -0.0012192726135253906
1799 -9.660513023845851e-05
1800 0.0010111392475664616
1801 0.0015507362550124526
1802 -0.0004197576199658215
1803 -0.0015706490958109498
1804 -0.0005926004960201681
1805 -6.904389010742307e-06
1806 0.00024829956237226725
1807 0.0013155823107808828
1808 0.001126414048485458
1809 -0.0010698208352550864
1810 -0.0013522906228899956
1811 -0.0002693412243388593
1812 0.0007523383828811347
1813 0.0015689346473664045
1814 2.7997884899377823e-07
1815 -0.001556779956445098
1816 -0.0007715710671618581
1817 1.3130658771842718e-05
1818 0.0001580541575094685
1819 0.0011137975379824638
1820 0.001172490301541984
1821 -0.0007691580103710294
1822 -0.0013098522322252393
1823 -0.00035723019391298294
1824 0.0005288514075800776
1825 0.0014610536163672805
1826 0.0003860974684357643
1827 -0.0014225059421733022
1828 -0.000933311996050179
1829 -3.793429641518742e-05
1830 7.050806016195565e-05
1831 0.0009833244839683175
1832 0.0013403443153947592
1833 -0.0005301429773680866
1834 -0.0014034660998731852
1835 -0.0004482711083255708
1836 0.0003466428897809237
1837 0.0013069179840385914
1838 0.0007154394406825304
1839 -0.0011970389168709517
1840 -0.0010620678076520562
1841 -0.00012745251297019422
1842 -2.519765985198319e-06
1843 0.0007517483318224549
1844 0.0013587785651907325
1845 -0.00012980611063539982
1846 -0.00135422358289361
1847 -0.0005975760286673903
1848 0.00020373892039060593
1849 0.0011305571533739567
1850 0.0009681383380666375
1851 -0.0009144763462245464
1852 -0.001154035096988082
1853 -0.0002272528363391757
1854 -1.8336650100536644e-05
1855 0.0006212817970663309
1856 0.0012798456009477377
1857 4.822295159101486e-05
1858 -0.0012959102168679237
1859 -0.0006758258678019047
1860 0.000102612393675372
1861 0.0009476315462961793
1862 0.0011406225385144353
1863 -0.0005950192571617663
1864 -0.0012119616148993373
1865 -0.00035142304841428995
1866 -9.935523848980665e-06
1867 0.00044941477244719863
1868 0.0012466214830055833
1869 0.00036847719457000494
1870 -0.0012208581902086735
1871 -0.0008220812305808067
1872 -1.5280820662155747e-05
1873 0.000753094325773418
1874 0.0012236894108355045
1875 -0.00026013317983597517
1876 -0.0012311438331380486
1877 -0.00048750010319054127
1878 5.147216143086553e-06
1879 0.00031864811899140477
1880 0.0010598734952509403
1881 0.0005686262738890946
1882 -0.0009742317488417029
1883 -0.0008777230395935476
1884 -0.00010933863813988864
1885 0.00055508385412395
1886 0.0012163867941126227
1887 6.342207780107856e-05
1888 -0.0012084348127245903
1889 -0.0006226277910172939
1890 2.216403663624078e-05
1891 0.00022364834148902446
1892 0.0010002765338867903
1893 0.0007030685665085912
1894 -0.0008720685727894306
1895 -0.0009222456137649715
1896 -0.0001453986915294081
1897 0.0003817338729277253
1898 0.0011143363080918789
1899 0.00035636796383187175
1900 -0.0010790897067636251
1901 -0.000744465331081301
1902 -3.2671960070729256e-05
1903 0.00011898217780981213
1904 0.000842061941511929
1905 0.0008930107578635216
1906 -0.0005996613181196153
1907 -0.0009883670136332512
1908 -0.00023049017181620002
1909 0.00022929999977350235
1910 0.0009751192992553115
1911 0.0005919051473028958
1912 -0.000881131854839623
1913 -0.0008272140985354781
1914 -0.00010224143625237048
1915 5.4684525821357965e-05
1916 0.0006945980130694807
1917 0.0008685954962857068
1918 -0.0003911306266672909
1919 -0.0009199207997880876
1920 -0.0003002731245942414
1921 0.00011879880912601948
1922 0.000803236966021359
1923 0.0007397473673336208
1924 -0.000628328591119498
1925 -0.0008555387030355632
1926 -0.0001832994748838246
1927 9.896757546812296e-07
1928 0.0005504122818820179
1929 0.0008998316479846835
1930 -0.0001920150243677199
1931 -0.0009146923548541963
1932 -0.00036004549474455416
1933 4.731651279143989e-05
1934 0.0005984955932945013
1935 0.0007671213243156672
1936 -0.00035046215634793043
1937 -0.0008047011797316372
1938 -0.0002507692261133343
1939 -1.9918705220334232e-05
1940 0.0003520216268952936
1941 0.0007407437078654766
1942 4.1669467464089394e-05
1943 -0.0007339513394981623
1944 -0.00039406371070072055
1945 6.724672857671976e-06
1946 0.0003844174789264798
1947 0.0006621241336688399
1948 -0.00010610156459733844
1949 -0.000665206927806139
1950 -0.00027875491650775075
1951 -3.641471266746521e-07
1952 0.00021900534920860082
1953 0.0005277669988572598
1954 0.00010011042468249798
1955 -0.000527426425833255
1956 -0.0003263922408223152
1957 -1.5263023669831455e-05
1958 0.00020057584333699197
1959 0.00046103924978524446
1960 4.7621841076761484e-05
1961 -0.00045975131797604263
1962 -0.00025197037030011415
1963 -5.903712008148432e-08
1964 9.669038990978152e-05
1965 0.00032863602973520756
1966 0.00015554833225905895
1967 -0.00031166814733296633
1968 -0.00025366799673065543
1969 -2.3159809643402696e-05
1970 7.817515870556235e-05
1971 0.0002526348689571023
1972 9.470569784753025e-05
1973 -0.00024649081751704216
1974 -0.00018020089191850275
1975 -1.2801727280020714e-05
1976 3.323137934785336e-05
1977 0.00015124984201975167
1978 0.00010552819003351033
1979 -0.00013414875138550997
1980 -0.00014329458645079285
1981 -2.4131950340233743e-05
1982 2.0186882466077805e-05
1983 0.00010900919733103365
1984 7.289928907994181e-05
1985 -0.00010032863065134734
1986 -0.00010017126624006778
1987 -1.5382858691737056e-05
1988 6.391695933416486e-06
1989 6.101226608734578e-05
1990 5.5216209148056805e-05
1991 -5.1801500376313925e-05
1992 -6.781531556043774e-05
1993 -1.543112739454955e-05
1994 2.1247833501547575e-06
1995 3.471116360742599e-05
1996 3.4744327422231436e-05
1997 -2.9109505703672767e-05
1998 -4.195017390884459e-05
1999 -1.0436080629006028e-05
2000 -6.328336894512177e-07
2001 1.5557394362986088e-05
2002 2.059663529507816e-05
2003 -1.1301570339128375e-05
2004 -2.3940621758811176e-05
2005 -7.849273970350623e-06
2006 -1.0139920050278306e-06
2007 7.136230124160647e-06
2008 1.022132346406579e-05
2009 -5.644847988151014e-06
2010 -1.257525582332164e-05
2011 -4.488727427087724e-06
2012 -8.525094017386436e-07
2013 2.461529220454395e-06
2014 4.0422455640509725e-06
2015 -2.202272298745811e-06
2016 -5.6219432735815644e-06
2017 -2.4748733267188072e-06
2018 -6.523914635181427e-07
2019 5.267356755211949e-07
2020 1.4728284440934658e-06
2021 -8.278148015961051e-07
2022 -2.5654007913544774e-06
2023 -1.3010139809921384e-06
2024 -4.304019967094064e-07
2025 -9.67120286077261e-08
2026 2.3844768293201923e-07
2027 -4.280300345271826e-07
2028 -1.0055082384496927e-06
2029 -6.071059033274651e-07
2030 -2.9880902729928493e-07
2031 -2.2997846826910973e-07
2032 -1.233565853908658e-07
2033 -2.3629399947822094e-07
2034 -3.8537837099283934e-07
2035 -2.8792419470846653e-07
2036 -1.9068829715251923e-07
2037 -1.673906808719039e-07
2038 -1.3809767551720142e-07
2039 -1.363514456897974e-07
2040 -1.5065597835928202e-07
2041 -1.1880183592438698e-07
2042 -8.277129381895065e-08
2043 -6.462505552917719e-08
2044 -6.33008312433958e-08
2045 -5.662150215357542e-08
2046 -3.585591912269592e-08
2047 -2.773595042526722e-08
2048 -2.389424480497837e-08
